MOVETO,180.0000,60.0000,-45.0000
LINETO,180.0000,60.0000,-55.0000
LINETO,300.0000,60.0000,-55.0000
LINETO,300.0000,-60.0000,-55.0000
LINETO,180.0000,-60.0000,-55.0000
LINETO,180.0000,60.0000,-55.0000
MOVETO,184.3688,34.9411,-45.0000
LINETO,184.3688,34.9411,-55.0000
LINETO,187.4014,34.9774,-55.0000
LINETO,187.5278,28.2798,-55.0000
LINETO,187.6454,34.9489,-55.0000
LINETO,190.6780,34.9472,-55.0000
LINETO,184.3688,34.9411,-55.0000
MOVETO,191.5287,31.0092,-45.0000
LINETO,191.5287,31.0092,-55.0000
LINETO,191.6487,28.2789,-55.0000
LINETO,191.7714,31.0650,-55.0000
LINETO,195.6548,31.0632,-55.0000
LINETO,195.7815,28.2805,-55.0000
LINETO,195.7887,33.7294,-55.0000
LINETO,195.6548,31.1962,-55.0000
LINETO,191.8134,31.1913,-55.0000
LINETO,191.6449,33.7380,-55.0000
LINETO,191.5287,31.0092,-55.0000
MOVETO,197.5965,31.0092,-45.0000
LINETO,197.5965,31.0092,-55.0000
LINETO,197.5965,28.2814,-55.0000
LINETO,199.7661,28.3783,-55.0000
LINETO,197.8392,28.3788,-55.0000
LINETO,197.8392,33.6396,-55.0000
LINETO,199.7661,33.6401,-55.0000
LINETO,197.5965,33.7370,-55.0000
LINETO,197.5965,31.0092,-55.0000
MOVETO,198.3003,31.1063,-45.0000
LINETO,198.3003,31.1063,-55.0000
LINETO,199.1764,31.1263,-55.0000
LINETO,198.3003,31.1063,-55.0000
MOVETO,204.9991,31.0092,-45.0000
LINETO,204.9991,31.0092,-55.0000
LINETO,204.9991,28.2829,-55.0000
LINETO,206.7353,28.5240,-55.0000
LINETO,208.0488,29.7560,-55.0000
LINETO,208.3112,31.3507,-55.0000
LINETO,207.8218,32.6002,-55.0000
LINETO,206.5830,33.5628,-55.0000
LINETO,205.0177,33.7397,-55.0000
LINETO,204.9991,31.0320,-55.0000
LINETO,206.3658,33.4775,-55.0000
LINETO,207.6056,32.5750,-55.0000
LINETO,208.0783,31.1875,-55.0000
LINETO,207.9365,30.0423,-55.0000
LINETO,207.3171,29.1068,-55.0000
LINETO,206.3406,28.5318,-55.0000
LINETO,205.2418,28.4077,-55.0000
LINETO,205.2418,33.6169,-55.0000
LINETO,206.3462,33.4849,-55.0000
MOVETO,209.6106,31.0092,-45.0000
LINETO,209.6106,31.0092,-55.0000
LINETO,209.6106,28.2814,-55.0000
LINETO,211.7802,28.3783,-55.0000
LINETO,209.8533,28.3788,-55.0000
LINETO,209.8533,33.6396,-55.0000
LINETO,211.7802,33.6401,-55.0000
LINETO,209.6106,33.7370,-55.0000
LINETO,209.6106,31.0092,-55.0000
MOVETO,210.3145,31.1063,-45.0000
LINETO,210.3145,31.1063,-55.0000
LINETO,211.1905,31.1263,-55.0000
LINETO,210.3145,31.1063,-55.0000
MOVETO,213.6396,30.9485,-45.0000
LINETO,213.6396,30.9485,-55.0000
LINETO,212.3755,28.2793,-55.0000
LINETO,213.5378,30.3418,-55.0000
LINETO,216.6028,30.3373,-55.0000
LINETO,217.8263,28.2945,-55.0000
LINETO,215.0872,33.6170,-55.0000
LINETO,213.6603,30.9890,-55.0000
LINETO,215.8033,31.9631,-55.0000
LINETO,216.5262,30.5328,-55.0000
LINETO,213.6154,30.5231,-55.0000
LINETO,215.0222,33.3751,-55.0000
LINETO,215.7876,31.9922,-55.0000
MOVETO,218.7122,31.0092,-45.0000
LINETO,218.7122,31.0092,-55.0000
LINETO,218.7122,28.2829,-55.0000
LINETO,220.4484,28.5240,-55.0000
LINETO,221.7619,29.7560,-55.0000
LINETO,222.0243,31.3507,-55.0000
LINETO,221.5350,32.6002,-55.0000
LINETO,220.2962,33.5628,-55.0000
LINETO,218.7308,33.7397,-55.0000
LINETO,218.7122,31.0320,-55.0000
LINETO,220.0790,33.4775,-55.0000
LINETO,221.3187,32.5750,-55.0000
LINETO,221.7914,31.1875,-55.0000
LINETO,221.6497,30.0423,-55.0000
LINETO,221.0302,29.1068,-55.0000
LINETO,220.0537,28.5318,-55.0000
LINETO,218.9549,28.4077,-55.0000
LINETO,218.9549,33.6169,-55.0000
LINETO,220.0593,33.4849,-55.0000
MOVETO,227.2071,31.0092,-45.0000
LINETO,227.2071,31.0092,-55.0000
LINETO,227.3307,28.2790,-55.0000
LINETO,227.4498,33.5937,-55.0000
LINETO,228.6603,33.3535,-55.0000
LINETO,229.0862,32.8389,-55.0000
LINETO,229.0342,31.9761,-55.0000
LINETO,227.5949,31.2901,-55.0000
LINETO,230.0050,28.3075,-55.0000
LINETO,227.9360,31.1027,-55.0000
LINETO,229.2767,31.9906,-55.0000
LINETO,229.3500,32.7508,-55.0000
LINETO,228.9407,33.3638,-55.0000
LINETO,227.2071,33.7324,-55.0000
LINETO,227.2071,31.0092,-55.0000
MOVETO,231.0904,31.0092,-45.0000
LINETO,231.0904,31.0092,-55.0000
LINETO,231.2108,28.2788,-55.0000
LINETO,231.2108,33.7396,-55.0000
LINETO,231.0904,31.0092,-55.0000
MOVETO,233.4447,33.6305,-45.0000
LINETO,233.4447,33.6305,-55.0000
LINETO,232.7710,32.9260,-55.0000
LINETO,232.7492,32.1330,-55.0000
LINETO,234.7786,29.6945,-55.0000
LINETO,234.6407,28.9078,-55.0000
LINETO,234.2082,28.5426,-55.0000
LINETO,232.5837,28.7409,-55.0000
LINETO,233.7029,28.2804,-55.0000
LINETO,234.5657,28.5895,-55.0000
LINETO,235.0466,29.6591,-55.0000
LINETO,233.0481,32.0738,-55.0000
LINETO,232.9414,32.7087,-55.0000
LINETO,233.5556,33.4890,-55.0000
LINETO,234.9559,33.4106,-55.0000
LINETO,233.4447,33.6305,-55.0000
MOVETO,236.4300,31.0092,-45.0000
LINETO,236.4300,31.0092,-55.0000
LINETO,236.4300,28.2814,-55.0000
LINETO,238.5996,28.3783,-55.0000
LINETO,236.6728,28.3788,-55.0000
LINETO,236.6728,33.6396,-55.0000
LINETO,238.5996,33.6401,-55.0000
LINETO,236.4300,33.7370,-55.0000
LINETO,236.4300,31.0092,-55.0000
MOVETO,237.1339,31.1063,-45.0000
LINETO,237.1339,31.1063,-55.0000
LINETO,238.0099,31.1263,-55.0000
LINETO,237.1339,31.1063,-55.0000
MOVETO,243.5900,23.0726,-45.0000
LINETO,243.5900,23.0726,-55.0000
LINETO,242.5660,22.5483,-55.0000
LINETO,241.7679,21.6066,-55.0000
LINETO,241.6368,19.6372,-55.0000
LINETO,242.2006,18.6986,-55.0000
LINETO,243.0732,18.0345,-55.0000
LINETO,245.1202,17.8202,-55.0000
LINETO,246.3916,18.6836,-55.0000
LINETO,246.5237,19.4680,-55.0000
LINETO,246.1427,20.3801,-55.0000
LINETO,246.7467,20.4439,-55.0000
LINETO,245.0322,20.4467,-55.0000
LINETO,245.9938,20.2054,-55.0000
LINETO,246.2874,19.0658,-55.0000
LINETO,245.8211,18.3537,-55.0000
LINETO,244.7432,17.9047,-55.0000
LINETO,243.0145,18.2516,-55.0000
LINETO,241.8421,19.7076,-55.0000
LINETO,241.9263,21.3639,-55.0000
LINETO,242.8850,22.5191,-55.0000
LINETO,244.3574,22.9967,-55.0000
LINETO,246.2284,22.6359,-55.0000
LINETO,245.1903,23.0752,-55.0000
LINETO,243.5900,23.0726,-55.0000
MOVETO,239.9493,20.6698,-45.0000
LINETO,239.9493,20.6698,-55.0000
LINETO,239.9467,18.1482,-55.0000
LINETO,234.9738,23.1052,-55.0000
LINETO,235.0834,17.7296,-55.0000
LINETO,235.2191,22.7545,-55.0000
LINETO,240.1920,17.7975,-55.0000
LINETO,240.0708,23.1818,-55.0000
LINETO,239.9493,20.6698,-55.0000
MOVETO,233.0321,20.4513,-45.0000
LINETO,233.0321,20.4513,-55.0000
LINETO,233.1525,17.7209,-55.0000
LINETO,233.1525,23.1818,-55.0000
LINETO,233.0321,20.4513,-55.0000
MOVETO,229.8769,20.4513,-45.0000
LINETO,229.8769,20.4513,-55.0000
LINETO,229.8802,17.7209,-55.0000
LINETO,232.1116,17.8098,-55.0000
LINETO,230.1196,17.8353,-55.0000
LINETO,229.9974,23.1818,-55.0000
LINETO,229.8769,20.4513,-55.0000
MOVETO,226.7216,20.4513,-45.0000
LINETO,226.7216,20.4513,-55.0000
LINETO,226.7250,17.7209,-55.0000
LINETO,228.9564,17.8098,-55.0000
LINETO,226.9644,17.8353,-55.0000
LINETO,226.8422,23.1818,-55.0000
LINETO,226.7216,20.4513,-55.0000
MOVETO,224.7800,20.4513,-45.0000
LINETO,224.7800,20.4513,-55.0000
LINETO,224.9004,17.7209,-55.0000
LINETO,224.9004,23.1818,-55.0000
LINETO,224.7800,20.4513,-55.0000
MOVETO,218.7122,20.4513,-45.0000
LINETO,218.7122,20.4513,-55.0000
LINETO,218.8322,17.7210,-55.0000
LINETO,218.9549,20.5071,-55.0000
LINETO,222.8383,20.5053,-55.0000
LINETO,222.9650,17.7227,-55.0000
LINETO,222.9723,23.1715,-55.0000
LINETO,222.8383,20.6383,-55.0000
LINETO,218.9969,20.6334,-55.0000
LINETO,218.8284,23.1801,-55.0000
LINETO,218.7122,20.4513,-55.0000
MOVETO,214.8289,23.0726,-45.0000
LINETO,214.8289,23.0726,-55.0000
LINETO,213.7619,22.5137,-55.0000
LINETO,212.9644,21.5280,-55.0000
LINETO,212.9524,19.4187,-55.0000
LINETO,213.6319,18.5078,-55.0000
LINETO,214.5549,17.9341,-55.0000
LINETO,215.6704,17.7439,-55.0000
LINETO,216.9551,17.9845,-55.0000
LINETO,217.3659,18.3252,-55.0000
LINETO,215.9021,17.8771,-55.0000
LINETO,214.6390,18.0943,-55.0000
LINETO,213.1881,19.4647,-55.0000
LINETO,213.1443,21.3109,-55.0000
LINETO,214.0425,22.4732,-55.0000
LINETO,215.3361,22.9923,-55.0000
LINETO,217.2504,22.6563,-55.0000
LINETO,216.2521,23.1179,-55.0000
LINETO,214.8289,23.0726,-55.0000
MOVETO,216.1759,11.3740,-45.0000
LINETO,216.1759,11.3740,-55.0000
LINETO,215.2649,7.1763,-55.0000
LINETO,216.4462,12.0689,-55.0000
LINETO,218.6814,8.4956,-55.0000
LINETO,220.8190,12.0241,-55.0000
LINETO,222.0375,7.1753,-55.0000
LINETO,220.8607,12.4537,-55.0000
LINETO,218.7253,8.9834,-55.0000
LINETO,216.5251,12.4434,-55.0000
LINETO,216.1759,11.3740,-55.0000
MOVETO,223.2024,11.1070,-45.0000
LINETO,223.2024,11.1070,-55.0000
LINETO,223.3462,8.9236,-55.0000
LINETO,223.9790,7.7908,-55.0000
LINETO,225.2493,7.1918,-55.0000
LINETO,226.7370,7.6257,-55.0000
LINETO,227.3484,8.7823,-55.0000
LINETO,227.4290,12.6223,-55.0000
LINETO,227.1970,8.6878,-55.0000
LINETO,226.7120,7.8590,-55.0000
LINETO,225.9686,7.3784,-55.0000
LINETO,224.7158,7.4760,-55.0000
LINETO,223.8018,8.3656,-55.0000
LINETO,223.3267,12.6236,-55.0000
LINETO,223.2024,11.1070,-55.0000
MOVETO,229.5614,12.5147,-45.0000
LINETO,229.5614,12.5147,-55.0000
LINETO,228.8876,11.8102,-55.0000
LINETO,228.8658,11.0172,-55.0000
LINETO,230.8952,8.5787,-55.0000
LINETO,230.7574,7.7920,-55.0000
LINETO,230.3248,7.4268,-55.0000
LINETO,228.7004,7.6251,-55.0000
LINETO,229.8195,7.1647,-55.0000
LINETO,230.6824,7.4738,-55.0000
LINETO,231.1633,8.5433,-55.0000
LINETO,229.1648,10.9581,-55.0000
LINETO,229.0580,11.5930,-55.0000
LINETO,229.6722,12.3733,-55.0000
LINETO,231.0726,12.2948,-55.0000
LINETO,229.5614,12.5147,-55.0000
MOVETO,231.7579,12.5026,-45.0000
LINETO,231.7579,12.5026,-55.0000
LINETO,234.2457,12.5087,-55.0000
LINETO,234.3704,7.1637,-55.0000
LINETO,234.4934,12.5386,-55.0000
LINETO,236.9150,12.5054,-55.0000
LINETO,231.7579,12.5026,-55.0000
MOVETO,241.0415,12.5754,-45.0000
LINETO,241.0415,12.5754,-55.0000
LINETO,243.7260,7.2855,-55.0000
LINETO,246.2746,12.6215,-55.0000
LINETO,243.7105,7.6485,-55.0000
LINETO,241.0415,12.5754,-55.0000
MOVETO,249.0510,12.5147,-45.0000
LINETO,249.0510,12.5147,-55.0000
LINETO,247.4486,11.3845,-55.0000
LINETO,246.9926,9.7208,-55.0000
LINETO,247.6954,8.1037,-55.0000
LINETO,249.3624,7.2327,-55.0000
LINETO,250.8052,7.3214,-55.0000
LINETO,252.2154,8.3170,-55.0000
LINETO,252.7355,9.7367,-55.0000
LINETO,252.4651,11.0763,-55.0000
LINETO,250.9814,12.3956,-55.0000
LINETO,249.0604,12.5174,-55.0000
LINETO,251.2391,12.0699,-55.0000
LINETO,251.9708,11.4137,-55.0000
LINETO,252.4205,10.4554,-55.0000
LINETO,252.4208,9.3329,-55.0000
LINETO,251.9716,8.3744,-55.0000
LINETO,251.0661,7.6190,-55.0000
LINETO,250.1717,7.3697,-55.0000
LINETO,248.8812,7.4954,-55.0000
LINETO,247.8432,8.2657,-55.0000
LINETO,247.2716,9.2872,-55.0000
LINETO,247.3256,10.6887,-55.0000
LINETO,248.0800,11.8173,-55.0000
LINETO,248.9059,12.2888,-55.0000
LINETO,250.0038,12.4567,-55.0000
LINETO,251.0776,12.1628,-55.0000
MOVETO,253.3226,12.4905,-45.0000
LINETO,253.3226,12.4905,-55.0000
LINETO,255.4698,7.3701,-55.0000
LINETO,257.4265,11.9568,-55.0000
LINETO,259.3747,7.3676,-55.0000
LINETO,261.4908,12.5966,-55.0000
LINETO,259.4725,7.7962,-55.0000
LINETO,257.4377,12.3869,-55.0000
LINETO,255.4988,7.7205,-55.0000
LINETO,253.3226,12.4905,-55.0000
MOVETO,262.4849,8.2916,-45.0000
LINETO,262.4849,8.2916,-55.0000
LINETO,261.9280,6.4445,-55.0000
LINETO,262.6262,7.9601,-55.0000
LINETO,262.4849,8.2916,-55.0000
MOVETO,262.1330,-0.5673,-45.0000
LINETO,262.1330,-0.5673,-55.0000
LINETO,263.0090,-0.5474,-55.0000
LINETO,262.1330,-0.5673,-55.0000
MOVETO,261.4292,-0.6644,-45.0000
LINETO,261.4292,-0.6644,-55.0000
LINETO,261.4292,-3.3922,-55.0000
LINETO,263.5987,-3.2953,-55.0000
LINETO,261.6719,-3.2948,-55.0000
LINETO,261.6719,1.9660,-55.0000
LINETO,263.5987,1.9665,-55.0000
LINETO,261.4292,2.0634,-55.0000
LINETO,261.4292,-0.6644,-55.0000
MOVETO,257.5458,-0.6644,-45.0000
LINETO,257.5458,-0.6644,-55.0000
LINETO,257.6694,-3.3946,-55.0000
LINETO,257.7885,1.9201,-55.0000
LINETO,258.9990,1.6799,-55.0000
LINETO,259.4249,1.1653,-55.0000
LINETO,259.3729,0.3025,-55.0000
LINETO,257.9336,-0.3836,-55.0000
LINETO,260.3438,-3.3662,-55.0000
LINETO,258.2748,-0.5709,-55.0000
LINETO,259.6154,0.3170,-55.0000
LINETO,259.6887,1.0772,-55.0000
LINETO,259.2795,1.6901,-55.0000
LINETO,257.5458,2.0588,-55.0000
LINETO,257.5458,-0.6644,-55.0000
MOVETO,254.7304,-0.5673,-45.0000
LINETO,254.7304,-0.5673,-55.0000
LINETO,255.6064,-0.5474,-55.0000
LINETO,254.7304,-0.5673,-55.0000
MOVETO,254.0265,-0.6644,-45.0000
LINETO,254.0265,-0.6644,-55.0000
LINETO,254.0265,-3.3922,-55.0000
LINETO,256.1961,-3.2953,-55.0000
LINETO,254.2692,-3.2948,-55.0000
LINETO,254.2692,1.9660,-55.0000
LINETO,256.1961,1.9665,-55.0000
LINETO,254.0265,2.0634,-55.0000
LINETO,254.0265,-0.6644,-55.0000
MOVETO,247.9588,-0.6644,-45.0000
LINETO,247.9588,-0.6644,-55.0000
LINETO,248.0787,-3.3948,-55.0000
LINETO,248.2015,-0.6087,-55.0000
LINETO,252.0848,-0.6104,-55.0000
LINETO,252.2115,-3.3931,-55.0000
LINETO,252.2188,2.0558,-55.0000
LINETO,252.0848,-0.4775,-55.0000
LINETO,248.2435,-0.4824,-55.0000
LINETO,248.0749,2.0643,-55.0000
LINETO,247.9588,-0.6644,-55.0000
MOVETO,241.8303,1.9447,-45.0000
LINETO,241.8303,1.9447,-55.0000
LINETO,244.3181,1.9508,-55.0000
LINETO,244.4428,-3.3942,-55.0000
LINETO,244.5658,1.9808,-55.0000
LINETO,246.9875,1.9475,-55.0000
LINETO,241.8303,1.9447,-55.0000
MOVETO,234.8524,-0.6644,-45.0000
LINETO,234.8524,-0.6644,-55.0000
LINETO,234.9761,-3.3946,-55.0000
LINETO,235.0951,1.9201,-55.0000
LINETO,236.3056,1.6799,-55.0000
LINETO,236.7316,1.1653,-55.0000
LINETO,236.6796,0.3025,-55.0000
LINETO,235.2402,-0.3836,-55.0000
LINETO,237.6504,-3.3662,-55.0000
LINETO,235.5814,-0.5709,-55.0000
LINETO,236.9221,0.3170,-55.0000
LINETO,236.9953,1.0772,-55.0000
LINETO,236.5861,1.6901,-55.0000
LINETO,234.8524,2.0588,-55.0000
LINETO,234.8524,-0.6644,-55.0000
MOVETO,232.0370,-0.5673,-45.0000
LINETO,232.0370,-0.5673,-55.0000
LINETO,232.9130,-0.5474,-55.0000
LINETO,232.0370,-0.5673,-55.0000
MOVETO,231.3331,-0.6644,-45.0000
LINETO,231.3331,-0.6644,-55.0000
LINETO,231.3331,-3.3922,-55.0000
LINETO,233.5027,-3.2953,-55.0000
LINETO,231.5758,-3.2948,-55.0000
LINETO,231.5758,1.9660,-55.0000
LINETO,233.5027,1.9665,-55.0000
LINETO,231.3331,2.0634,-55.0000
LINETO,231.3331,-0.6644,-55.0000
MOVETO,225.2047,1.9447,-45.0000
LINETO,225.2047,1.9447,-55.0000
LINETO,227.6925,1.9508,-55.0000
LINETO,227.8172,-3.3942,-55.0000
LINETO,227.9402,1.9808,-55.0000
LINETO,230.3618,1.9475,-55.0000
LINETO,225.2047,1.9447,-55.0000
MOVETO,222.1102,-0.6644,-45.0000
LINETO,222.1102,-0.6644,-55.0000
LINETO,222.2338,-3.3946,-55.0000
LINETO,222.3529,1.9201,-55.0000
LINETO,223.5633,1.6799,-55.0000
LINETO,223.9893,1.1653,-55.0000
LINETO,223.9373,0.3025,-55.0000
LINETO,222.4980,-0.3836,-55.0000
LINETO,224.9081,-3.3662,-55.0000
LINETO,222.8391,-0.5709,-55.0000
LINETO,224.1798,0.3170,-55.0000
LINETO,224.2531,1.0772,-55.0000
LINETO,223.8438,1.6901,-55.0000
LINETO,222.1102,2.0588,-55.0000
LINETO,222.1102,-0.6644,-55.0000
MOVETO,219.1855,0.3186,-45.0000
LINETO,219.1855,0.3186,-55.0000
LINETO,218.4201,1.7015,-55.0000
LINETO,217.0133,-1.1505,-55.0000
LINETO,219.9242,-1.1408,-55.0000
LINETO,219.2012,0.2894,-55.0000
LINETO,217.0582,-0.6847,-55.0000
LINETO,218.4852,1.9434,-55.0000
LINETO,221.2243,-3.3791,-55.0000
LINETO,220.0008,-1.3363,-55.0000
LINETO,216.9357,-1.3319,-55.0000
LINETO,215.7734,-3.3943,-55.0000
LINETO,217.0375,-0.7251,-55.0000
MOVETO,210.5814,0.5491,-45.0000
LINETO,210.5814,0.5491,-55.0000
LINETO,210.7253,-1.6343,-55.0000
LINETO,211.3581,-2.7670,-55.0000
LINETO,212.6284,-3.3661,-55.0000
LINETO,214.1161,-2.9322,-55.0000
LINETO,214.7275,-1.7756,-55.0000
LINETO,214.8081,2.0645,-55.0000
LINETO,214.5761,-1.8701,-55.0000
LINETO,214.0911,-2.6989,-55.0000
LINETO,213.3477,-3.1794,-55.0000
LINETO,212.0949,-3.0819,-55.0000
LINETO,211.1809,-2.1923,-55.0000
LINETO,210.7058,2.0657,-55.0000
LINETO,210.5814,0.5491,-55.0000
MOVETO,207.7539,1.6049,-45.0000
LINETO,207.7539,1.6049,-55.0000
LINETO,206.3270,1.8943,-55.0000
LINETO,204.9018,1.3924,-55.0000
LINETO,204.0168,0.1726,-55.0000
LINETO,203.9474,-1.2678,-55.0000
LINETO,204.5839,-2.3652,-55.0000
LINETO,205.5951,-3.0770,-55.0000
LINETO,206.9441,-3.1789,-55.0000
LINETO,207.9585,-2.8088,-55.0000
LINETO,209.0318,-1.4749,-55.0000
LINETO,208.9594,0.3346,-55.0000
LINETO,207.7927,1.5840,-55.0000
LINETO,205.7298,1.9576,-55.0000
LINETO,207.0313,2.0039,-55.0000
LINETO,208.2398,1.5298,-55.0000
LINETO,209.1348,0.4905,-55.0000
LINETO,209.3940,-1.0322,-55.0000
LINETO,208.9502,-2.1073,-55.0000
LINETO,207.5478,-3.2393,-55.0000
LINETO,209.0422,-4.9724,-55.0000
LINETO,207.4485,-3.3577,-55.0000
LINETO,205.3112,-3.1362,-55.0000
LINETO,203.8827,-1.7682,-55.0000
LINETO,203.6642,-0.6755,-55.0000
LINETO,203.8643,0.4152,-55.0000
LINETO,204.6620,1.3993,-55.0000
LINETO,205.7272,1.9568,-55.0000
MOVETO,203.6642,10.1119,-45.0000
LINETO,203.6642,10.1119,-55.0000
LINETO,203.6616,7.5903,-55.0000
LINETO,198.6887,12.5473,-55.0000
LINETO,198.7983,7.1717,-55.0000
LINETO,198.9340,12.1966,-55.0000
LINETO,203.9069,7.2396,-55.0000
LINETO,203.7857,12.6239,-55.0000
LINETO,203.6642,10.1119,-55.0000
MOVETO,207.3049,12.5147,-45.0000
LINETO,207.3049,12.5147,-55.0000
LINETO,206.2809,11.9905,-55.0000
LINETO,205.4828,11.0487,-55.0000
LINETO,205.3517,9.0794,-55.0000
LINETO,205.9155,8.1407,-55.0000
LINETO,206.7881,7.4766,-55.0000
LINETO,208.8351,7.2624,-55.0000
LINETO,210.1065,8.1258,-55.0000
LINETO,210.2386,8.9101,-55.0000
LINETO,209.8576,9.8222,-55.0000
LINETO,210.4616,9.8860,-55.0000
LINETO,208.7470,9.8889,-55.0000
LINETO,209.7087,9.6475,-55.0000
LINETO,210.0023,8.5079,-55.0000
LINETO,209.5360,7.7958,-55.0000
LINETO,208.4581,7.3468,-55.0000
LINETO,206.7293,7.6938,-55.0000
LINETO,205.5570,9.1497,-55.0000
LINETO,205.6412,10.8060,-55.0000
LINETO,206.5999,11.9613,-55.0000
LINETO,208.0723,12.4388,-55.0000
LINETO,209.9433,12.0780,-55.0000
LINETO,208.9052,12.5173,-55.0000
LINETO,207.3049,12.5147,-55.0000
MOVETO,203.1788,20.4513,-45.0000
LINETO,203.1788,20.4513,-55.0000
LINETO,203.2988,17.7210,-55.0000
LINETO,203.4215,20.5071,-55.0000
LINETO,207.3049,20.5053,-55.0000
LINETO,207.4316,17.7227,-55.0000
LINETO,207.4388,23.1715,-55.0000
LINETO,207.3049,20.6383,-55.0000
LINETO,203.4635,20.6334,-55.0000
LINETO,203.2949,23.1801,-55.0000
LINETO,203.1788,20.4513,-55.0000
MOVETO,197.0504,23.0605,-45.0000
LINETO,197.0504,23.0605,-55.0000
LINETO,199.5381,23.0665,-55.0000
LINETO,199.6629,17.7216,-55.0000
LINETO,199.7859,23.0965,-55.0000
LINETO,202.2075,23.0633,-55.0000
LINETO,197.0504,23.0605,-55.0000
MOVETO,195.8975,20.4513,-45.0000
LINETO,195.8975,20.4513,-55.0000
LINETO,196.0179,17.7209,-55.0000
LINETO,196.0179,23.1818,-55.0000
LINETO,195.8975,20.4513,-55.0000
MOVETO,190.4365,12.5754,-45.0000
LINETO,190.4365,12.5754,-55.0000
LINETO,193.1210,7.2855,-55.0000
LINETO,195.6696,12.6215,-55.0000
LINETO,193.1055,7.6485,-55.0000
LINETO,190.4365,12.5754,-55.0000
MOVETO,189.2230,9.8935,-45.0000
LINETO,189.2230,9.8935,-55.0000
LINETO,189.3434,7.1630,-55.0000
LINETO,189.3434,12.6239,-55.0000
LINETO,189.2230,9.8935,-55.0000
MOVETO,185.4610,10.5609,-45.0000
LINETO,185.4610,10.5609,-55.0000
LINETO,185.4748,7.1630,-55.0000
LINETO,188.2421,7.2750,-55.0000
LINETO,185.7037,7.2907,-55.0000
LINETO,185.5825,13.9588,-55.0000
LINETO,185.4610,10.5609,-55.0000
MOVETO,196.7470,9.8935,-45.0000
LINETO,196.7470,9.8935,-55.0000
LINETO,196.8674,7.1630,-55.0000
LINETO,196.8674,12.6239,-55.0000
LINETO,196.7470,9.8935,-55.0000
MOVETO,195.1694,1.9568,-45.0000
LINETO,195.1694,1.9568,-55.0000
LINETO,193.5670,0.8266,-55.0000
LINETO,193.1110,-0.8370,-55.0000
LINETO,193.8138,-2.4542,-55.0000
LINETO,195.4808,-3.3252,-55.0000
LINETO,196.9236,-3.2364,-55.0000
LINETO,198.3338,-2.2409,-55.0000
LINETO,198.8539,-0.8212,-55.0000
LINETO,198.5835,0.5184,-55.0000
LINETO,197.0999,1.8378,-55.0000
LINETO,195.1788,1.9595,-55.0000
LINETO,197.3575,1.5120,-55.0000
LINETO,198.0892,0.8558,-55.0000
LINETO,198.5389,-0.1025,-55.0000
LINETO,198.5392,-1.2250,-55.0000
LINETO,198.0900,-2.1835,-55.0000
LINETO,197.1845,-2.9389,-55.0000
LINETO,196.2901,-3.1882,-55.0000
LINETO,194.9996,-3.0624,-55.0000
LINETO,193.9616,-2.2922,-55.0000
LINETO,193.3901,-1.2707,-55.0000
LINETO,193.4440,0.1309,-55.0000
LINETO,194.1984,1.2594,-55.0000
LINETO,195.0243,1.7309,-55.0000
LINETO,196.1222,1.8989,-55.0000
LINETO,197.1960,1.6049,-55.0000
MOVETO,191.3952,0.2822,-45.0000
LINETO,191.3952,0.2822,-55.0000
LINETO,191.3952,-2.8306,-55.0000
LINETO,185.3534,3.3263,-55.0000
LINETO,185.4513,-3.3877,-55.0000
LINETO,185.5987,2.8505,-55.0000
LINETO,191.6501,-3.3295,-55.0000
LINETO,191.5274,3.4009,-55.0000
LINETO,191.3952,0.2822,-55.0000
MOVETO,187.1478,-7.4724,-45.0000
LINETO,187.1478,-7.4724,-55.0000
LINETO,185.7087,-7.2783,-55.0000
LINETO,185.7144,-13.8314,-55.0000
LINETO,187.2454,-13.6079,-55.0000
LINETO,188.1698,-13.0586,-55.0000
LINETO,189.0181,-11.9997,-55.0000
LINETO,189.3438,-10.5188,-55.0000
LINETO,188.8104,-8.7484,-55.0000
LINETO,187.1935,-7.4857,-55.0000
LINETO,185.4610,-10.5539,-55.0000
LINETO,185.4701,-7.1569,-55.0000
LINETO,187.5708,-7.4576,-55.0000
LINETO,188.8903,-8.5454,-55.0000
LINETO,189.5791,-10.4027,-55.0000
LINETO,189.1914,-12.1016,-55.0000
LINETO,187.7408,-13.5758,-55.0000
LINETO,185.4691,-13.9528,-55.0000
LINETO,185.4610,-10.5548,-55.0000
MOVETO,190.9219,-11.2223,-45.0000
LINETO,190.9219,-11.2223,-55.0000
LINETO,191.0456,-13.9525,-55.0000
LINETO,191.1647,-8.6378,-55.0000
LINETO,192.3751,-8.8780,-55.0000
LINETO,192.8011,-9.3926,-55.0000
LINETO,192.7491,-10.2554,-55.0000
LINETO,191.3097,-10.9414,-55.0000
LINETO,193.7199,-13.9241,-55.0000
LINETO,191.6509,-11.1288,-55.0000
LINETO,192.9916,-10.2409,-55.0000
LINETO,193.0648,-9.4807,-55.0000
LINETO,192.6556,-8.8678,-55.0000
LINETO,190.9219,-8.4991,-55.0000
LINETO,190.9219,-11.2223,-55.0000
MOVETO,195.3150,-11.2830,-45.0000
LINETO,195.3150,-11.2830,-55.0000
LINETO,194.0509,-13.9522,-55.0000
LINETO,195.2132,-11.8897,-55.0000
LINETO,198.2782,-11.8942,-55.0000
LINETO,199.5017,-13.9370,-55.0000
LINETO,196.7626,-8.6145,-55.0000
LINETO,195.3357,-11.2426,-55.0000
LINETO,197.4787,-10.2684,-55.0000
LINETO,198.2016,-11.6987,-55.0000
LINETO,195.2908,-11.7084,-55.0000
LINETO,196.6976,-8.8564,-55.0000
LINETO,197.4630,-10.2393,-55.0000
MOVETO,202.0866,-8.6010,-45.0000
LINETO,202.0866,-8.6010,-55.0000
LINETO,201.0626,-9.1253,-55.0000
LINETO,200.2645,-10.0670,-55.0000
LINETO,200.1334,-12.0364,-55.0000
LINETO,200.6972,-12.9751,-55.0000
LINETO,201.5699,-13.6392,-55.0000
LINETO,203.6168,-13.8534,-55.0000
LINETO,204.8882,-12.9900,-55.0000
LINETO,205.0203,-12.2056,-55.0000
LINETO,204.6393,-11.2936,-55.0000
LINETO,205.2433,-11.2298,-55.0000
LINETO,203.5288,-11.2269,-55.0000
LINETO,204.4904,-11.4683,-55.0000
LINETO,204.7840,-12.6079,-55.0000
LINETO,204.3177,-13.3199,-55.0000
LINETO,203.2398,-13.7689,-55.0000
LINETO,201.5111,-13.4220,-55.0000
LINETO,200.3387,-11.9661,-55.0000
LINETO,200.4229,-10.3098,-55.0000
LINETO,201.3816,-9.1545,-55.0000
LINETO,202.8541,-8.6769,-55.0000
LINETO,204.7250,-9.0378,-55.0000
LINETO,203.6869,-8.5985,-55.0000
LINETO,202.0866,-8.6010,-55.0000
MOVETO,208.2757,-8.6010,-45.0000
LINETO,208.2757,-8.6010,-55.0000
LINETO,206.6733,-9.7312,-55.0000
LINETO,206.2173,-11.3949,-55.0000
LINETO,206.9201,-13.0121,-55.0000
LINETO,208.5872,-13.8830,-55.0000
LINETO,210.0299,-13.7943,-55.0000
LINETO,211.4401,-12.7987,-55.0000
LINETO,211.9603,-11.3791,-55.0000
LINETO,211.6898,-10.0395,-55.0000
LINETO,210.2062,-8.7201,-55.0000
LINETO,208.2852,-8.5984,-55.0000
LINETO,210.4639,-9.0459,-55.0000
LINETO,211.1955,-9.7021,-55.0000
LINETO,211.6452,-10.6604,-55.0000
LINETO,211.6455,-11.7828,-55.0000
LINETO,211.1963,-12.7414,-55.0000
LINETO,210.2909,-13.4967,-55.0000
LINETO,209.3965,-13.7461,-55.0000
LINETO,208.1059,-13.6203,-55.0000
LINETO,207.0680,-12.8501,-55.0000
LINETO,206.4964,-11.8286,-55.0000
LINETO,206.5503,-10.4270,-55.0000
LINETO,207.3047,-9.2985,-55.0000
LINETO,208.1307,-8.8270,-55.0000
LINETO,209.2285,-8.6590,-55.0000
LINETO,210.3023,-8.9530,-55.0000
MOVETO,218.2268,-11.0039,-45.0000
LINETO,218.2268,-11.0039,-55.0000
LINETO,218.2242,-13.5255,-55.0000
LINETO,213.2513,-8.5685,-55.0000
LINETO,213.3609,-13.9441,-55.0000
LINETO,213.4966,-8.9191,-55.0000
LINETO,218.4695,-13.8761,-55.0000
LINETO,218.3483,-8.4918,-55.0000
LINETO,218.2268,-11.0039,-55.0000
MOVETO,220.5811,-8.6010,-45.0000
LINETO,220.5811,-8.6010,-55.0000
LINETO,219.9074,-9.3055,-55.0000
LINETO,219.8856,-10.0985,-55.0000
LINETO,221.9150,-12.5370,-55.0000
LINETO,221.7771,-13.3237,-55.0000
LINETO,221.3446,-13.6889,-55.0000
LINETO,219.7201,-13.4907,-55.0000
LINETO,220.8392,-13.9511,-55.0000
LINETO,221.7021,-13.6420,-55.0000
LINETO,222.1830,-12.5724,-55.0000
LINETO,220.1845,-10.1577,-55.0000
LINETO,220.0778,-9.5228,-55.0000
LINETO,220.6919,-8.7425,-55.0000
LINETO,222.0923,-8.8209,-55.0000
LINETO,220.5811,-8.6010,-55.0000
MOVETO,227.4498,-11.2102,-45.0000
LINETO,227.4498,-11.2102,-55.0000
LINETO,227.4498,-13.9372,-55.0000
LINETO,229.3850,-13.5098,-55.0000
LINETO,229.7992,-12.9351,-55.0000
LINETO,229.8431,-12.1748,-55.0000
LINETO,228.7847,-11.1138,-55.0000
LINETO,229.4300,-10.3185,-55.0000
LINETO,229.4893,-9.5458,-55.0000
LINETO,228.5585,-8.5709,-55.0000
LINETO,227.4627,-8.4684,-55.0000
LINETO,227.4498,-11.1816,-55.0000
LINETO,229.0037,-9.0526,-55.0000
LINETO,229.1417,-10.3945,-55.0000
LINETO,228.6597,-10.8737,-55.0000
LINETO,227.6925,-11.0674,-55.0000
LINETO,227.6925,-8.5839,-55.0000
LINETO,228.6616,-8.7807,-55.0000
LINETO,228.9845,-9.0302,-55.0000
LINETO,229.6131,-12.7134,-55.0000
LINETO,228.9998,-13.5755,-55.0000
LINETO,227.6925,-13.8164,-55.0000
LINETO,227.6925,-11.1380,-55.0000
LINETO,228.7896,-11.2688,-55.0000
LINETO,229.2944,-11.6349,-55.0000
MOVETO,231.2118,-11.2223,-45.0000
LINETO,231.2118,-11.2223,-55.0000
LINETO,231.3354,-13.9525,-55.0000
LINETO,231.4545,-8.6378,-55.0000
LINETO,232.6650,-8.8780,-55.0000
LINETO,233.0909,-9.3926,-55.0000
LINETO,233.0389,-10.2554,-55.0000
LINETO,231.5996,-10.9414,-55.0000
LINETO,234.0097,-13.9241,-55.0000
LINETO,231.9407,-11.1288,-55.0000
LINETO,233.2814,-10.2409,-55.0000
LINETO,233.3547,-9.4807,-55.0000
LINETO,232.9455,-8.8678,-55.0000
LINETO,231.2118,-8.4991,-55.0000
LINETO,231.2118,-11.2223,-55.0000
MOVETO,235.0951,-11.2223,-45.0000
LINETO,235.0951,-11.2223,-55.0000
LINETO,235.0951,-13.9501,-55.0000
LINETO,237.2647,-13.8532,-55.0000
LINETO,235.3378,-13.8527,-55.0000
LINETO,235.3378,-8.5919,-55.0000
LINETO,237.2647,-8.5914,-55.0000
LINETO,235.0951,-8.4945,-55.0000
LINETO,235.0951,-11.2223,-55.0000
MOVETO,235.7990,-11.1252,-45.0000
LINETO,235.7990,-11.1252,-55.0000
LINETO,236.6750,-11.1053,-55.0000
LINETO,235.7990,-11.1252,-55.0000
MOVETO,239.1241,-11.2830,-45.0000
LINETO,239.1241,-11.2830,-55.0000
LINETO,237.8600,-13.9522,-55.0000
LINETO,239.0223,-11.8897,-55.0000
LINETO,242.0874,-11.8942,-55.0000
LINETO,243.3109,-13.9370,-55.0000
LINETO,240.5718,-8.6145,-55.0000
LINETO,239.1448,-11.2426,-55.0000
LINETO,241.2878,-10.2684,-55.0000
LINETO,242.0108,-11.6987,-55.0000
LINETO,239.0999,-11.7084,-55.0000
LINETO,240.5067,-8.8564,-55.0000
LINETO,241.2721,-10.2393,-55.0000
MOVETO,243.4079,-8.6132,-45.0000
LINETO,243.4079,-8.6132,-55.0000
LINETO,245.8957,-8.6071,-55.0000
LINETO,246.0205,-13.9521,-55.0000
LINETO,246.1435,-8.5771,-55.0000
LINETO,248.5651,-8.6104,-55.0000
LINETO,243.4079,-8.6132,-55.0000
MOVETO,249.5364,-11.2223,-45.0000
LINETO,249.5364,-11.2223,-55.0000
LINETO,249.6564,-13.9527,-55.0000
LINETO,249.7791,-11.1666,-55.0000
LINETO,253.6624,-11.1683,-55.0000
LINETO,253.7891,-13.9510,-55.0000
LINETO,253.7964,-8.5021,-55.0000
LINETO,253.6624,-11.0353,-55.0000
LINETO,249.8211,-11.0403,-55.0000
LINETO,249.6525,-8.4935,-55.0000
LINETO,249.5364,-11.2223,-55.0000
MOVETO,255.6041,-11.2223,-45.0000
LINETO,255.6041,-11.2223,-55.0000
LINETO,255.6041,-13.9501,-55.0000
LINETO,257.7737,-13.8532,-55.0000
LINETO,255.8468,-13.8527,-55.0000
LINETO,255.8468,-8.5919,-55.0000
LINETO,257.7737,-8.5914,-55.0000
LINETO,255.6041,-8.4945,-55.0000
LINETO,255.6041,-11.2223,-55.0000
MOVETO,256.3080,-11.1252,-45.0000
LINETO,256.3080,-11.1252,-55.0000
LINETO,257.1840,-11.1053,-55.0000
LINETO,256.3080,-11.1252,-55.0000
MOVETO,263.0068,-11.2223,-45.0000
LINETO,263.0068,-11.2223,-55.0000
LINETO,263.1273,-13.9527,-55.0000
LINETO,263.2495,-8.6067,-55.0000
LINETO,265.1789,-8.5933,-55.0000
LINETO,263.0100,-8.4918,-55.0000
LINETO,263.0068,-11.2223,-55.0000
MOVETO,263.7106,-11.1252,-45.0000
LINETO,263.7106,-11.1252,-55.0000
LINETO,264.5086,-11.1085,-55.0000
LINETO,263.7106,-11.1252,-55.0000
MOVETO,266.4047,-11.2223,-45.0000
LINETO,266.4047,-11.2223,-55.0000
LINETO,266.4047,-13.9448,-55.0000
LINETO,268.9135,-13.9347,-55.0000
LINETO,269.9280,-11.8897,-55.0000
LINETO,273.0346,-11.8976,-55.0000
LINETO,274.2562,-13.9371,-55.0000
LINETO,271.5148,-8.6133,-55.0000
LINETO,268.8133,-13.7594,-55.0000
LINETO,266.6474,-13.8174,-55.0000
LINETO,266.5215,-8.4931,-55.0000
LINETO,266.4047,-11.1984,-55.0000
LINETO,272.2448,-10.2897,-55.0000
LINETO,272.9483,-11.7033,-55.0000
LINETO,270.0454,-11.7078,-55.0000
LINETO,271.4523,-8.8563,-55.0000
LINETO,272.2176,-10.2393,-55.0000
MOVETO,275.6398,-9.7418,-45.0000
LINETO,275.6398,-9.7418,-55.0000
LINETO,274.7288,-13.9394,-55.0000
LINETO,275.9101,-9.0469,-55.0000
LINETO,278.1453,-12.6202,-55.0000
LINETO,280.2829,-9.0916,-55.0000
LINETO,281.5014,-13.9405,-55.0000
LINETO,280.3246,-8.6621,-55.0000
LINETO,278.1892,-12.1324,-55.0000
LINETO,275.9891,-8.6724,-55.0000
LINETO,275.6398,-9.7418,-55.0000
MOVETO,282.7876,-11.2223,-45.0000
LINETO,282.7876,-11.2223,-55.0000
LINETO,282.7876,-13.9501,-55.0000
LINETO,284.9572,-13.8532,-55.0000
LINETO,283.0303,-13.8527,-55.0000
LINETO,283.0303,-8.5919,-55.0000
LINETO,284.9572,-8.5914,-55.0000
LINETO,282.7876,-8.4945,-55.0000
LINETO,282.7876,-11.2223,-55.0000
MOVETO,283.4915,-11.1252,-45.0000
LINETO,283.4915,-11.1252,-55.0000
LINETO,284.3675,-11.1053,-55.0000
LINETO,283.4915,-11.1252,-55.0000
MOVETO,286.2705,-12.8242,-45.0000
LINETO,286.2705,-12.8242,-55.0000
LINETO,285.7136,-14.6713,-55.0000
LINETO,286.4118,-13.1557,-55.0000
LINETO,286.2705,-12.8242,-55.0000
MOVETO,284.8628,-30.8575,-45.0000
LINETO,284.8628,-30.8575,-55.0000
LINETO,283.9518,-35.0552,-55.0000
LINETO,285.1330,-30.1627,-55.0000
LINETO,287.3682,-33.7359,-55.0000
LINETO,289.5058,-30.2074,-55.0000
LINETO,290.7244,-35.0562,-55.0000
LINETO,289.5476,-29.7778,-55.0000
LINETO,287.4122,-33.2481,-55.0000
LINETO,285.2120,-29.7882,-55.0000
LINETO,284.8628,-30.8575,-55.0000
MOVETO,281.4406,-31.3551,-45.0000
LINETO,281.4406,-31.3551,-55.0000
LINETO,280.6752,-29.9721,-55.0000
LINETO,279.2684,-32.8242,-55.0000
LINETO,282.1792,-32.8145,-55.0000
LINETO,281.4563,-31.3842,-55.0000
LINETO,279.3133,-32.3583,-55.0000
LINETO,280.7403,-29.7303,-55.0000
LINETO,283.4794,-35.0528,-55.0000
LINETO,282.2559,-33.0099,-55.0000
LINETO,279.1908,-33.0055,-55.0000
LINETO,278.0285,-35.0679,-55.0000
LINETO,279.2926,-32.3987,-55.0000
MOVETO,275.7976,-29.7168,-45.0000
LINETO,275.7976,-29.7168,-55.0000
LINETO,275.1239,-30.4213,-55.0000
LINETO,275.1021,-31.2143,-55.0000
LINETO,277.1314,-33.6528,-55.0000
LINETO,276.9936,-34.4395,-55.0000
LINETO,276.5611,-34.8047,-55.0000
LINETO,274.9366,-34.6064,-55.0000
LINETO,276.0557,-35.0668,-55.0000
LINETO,276.9186,-34.7578,-55.0000
LINETO,277.3995,-33.6882,-55.0000
LINETO,275.4010,-31.2734,-55.0000
LINETO,275.2942,-30.6385,-55.0000
LINETO,275.9084,-29.8582,-55.0000
LINETO,277.3088,-29.9367,-55.0000
LINETO,275.7976,-29.7168,-55.0000
MOVETO,268.6862,-32.2410,-45.0000
LINETO,268.6862,-32.2410,-55.0000
LINETO,269.5622,-32.2210,-55.0000
LINETO,268.6862,-32.2410,-55.0000
MOVETO,267.9823,-32.3381,-45.0000
LINETO,267.9823,-32.3381,-55.0000
LINETO,267.9823,-35.0659,-55.0000
LINETO,270.1519,-34.9690,-55.0000
LINETO,268.2250,-34.9685,-55.0000
LINETO,268.2250,-29.7077,-55.0000
LINETO,270.1519,-29.7072,-55.0000
LINETO,267.9823,-29.6102,-55.0000
LINETO,267.9823,-32.3381,-55.0000
MOVETO,261.9146,-32.3381,-45.0000
LINETO,261.9146,-32.3381,-55.0000
LINETO,262.0346,-35.0684,-55.0000
LINETO,262.1573,-32.2823,-55.0000
LINETO,266.0406,-32.2841,-55.0000
LINETO,266.1673,-35.0667,-55.0000
LINETO,266.1746,-29.6179,-55.0000
LINETO,266.0406,-32.1511,-55.0000
LINETO,262.1993,-32.1560,-55.0000
LINETO,262.0307,-29.6093,-55.0000
LINETO,261.9146,-32.3381,-55.0000
MOVETO,255.7862,-29.7289,-45.0000
LINETO,255.7862,-29.7289,-55.0000
LINETO,258.2739,-29.7229,-55.0000
LINETO,258.3987,-35.0678,-55.0000
LINETO,258.5217,-29.6929,-55.0000
LINETO,260.9433,-29.7261,-55.0000
LINETO,255.7862,-29.7289,-55.0000
MOVETO,249.7063,-29.7168,-45.0000
LINETO,249.7063,-29.7168,-55.0000
LINETO,249.0326,-30.4213,-55.0000
LINETO,249.0108,-31.2143,-55.0000
LINETO,251.0401,-33.6528,-55.0000
LINETO,250.9023,-34.4395,-55.0000
LINETO,250.4697,-34.8047,-55.0000
LINETO,248.8453,-34.6064,-55.0000
LINETO,249.9644,-35.0668,-55.0000
LINETO,250.8273,-34.7578,-55.0000
LINETO,251.3082,-33.6882,-55.0000
LINETO,249.3097,-31.2734,-55.0000
LINETO,249.2029,-30.6385,-55.0000
LINETO,249.8171,-29.8582,-55.0000
LINETO,251.2175,-29.9367,-55.0000
LINETO,249.7063,-29.7168,-55.0000
MOVETO,244.0754,-29.6561,-45.0000
LINETO,244.0754,-29.6561,-55.0000
LINETO,246.1377,-33.1378,-55.0000
LINETO,246.2685,-35.0665,-55.0000
LINETO,246.3959,-32.9566,-55.0000
LINETO,248.2884,-29.6599,-55.0000
LINETO,246.2469,-32.8841,-55.0000
LINETO,244.0754,-29.6561,-55.0000
MOVETO,241.8789,-31.3551,-45.0000
LINETO,241.8789,-31.3551,-55.0000
LINETO,241.1135,-29.9721,-55.0000
LINETO,239.7067,-32.8242,-55.0000
LINETO,242.6175,-32.8145,-55.0000
LINETO,241.8946,-31.3842,-55.0000
LINETO,239.7516,-32.3583,-55.0000
LINETO,241.1786,-29.7303,-55.0000
LINETO,243.9177,-35.0528,-55.0000
LINETO,242.6942,-33.0099,-55.0000
LINETO,239.6291,-33.0055,-55.0000
LINETO,238.4668,-35.0679,-55.0000
LINETO,239.7309,-32.3987,-55.0000
MOVETO,233.0928,-29.7289,-45.0000
LINETO,233.0928,-29.7289,-55.0000
LINETO,235.5806,-29.7229,-55.0000
LINETO,235.7053,-35.0678,-55.0000
LINETO,235.8283,-29.6929,-55.0000
LINETO,238.2499,-29.7261,-55.0000
LINETO,233.0928,-29.7289,-55.0000
MOVETO,230.8963,-29.7168,-45.0000
LINETO,230.8963,-29.7168,-55.0000
LINETO,230.2225,-30.4213,-55.0000
LINETO,230.2008,-31.2143,-55.0000
LINETO,232.2301,-33.6528,-55.0000
LINETO,232.0923,-34.4395,-55.0000
LINETO,231.6597,-34.8047,-55.0000
LINETO,230.0353,-34.6064,-55.0000
LINETO,231.1544,-35.0668,-55.0000
LINETO,232.0173,-34.7578,-55.0000
LINETO,232.4982,-33.6882,-55.0000
LINETO,230.4997,-31.2734,-55.0000
LINETO,230.3929,-30.6385,-55.0000
LINETO,231.0071,-29.8582,-55.0000
LINETO,232.4075,-29.9367,-55.0000
LINETO,230.8963,-29.7168,-55.0000
MOVETO,230.9691,-21.7802,-45.0000
LINETO,230.9691,-21.7802,-55.0000
LINETO,231.0891,-24.5105,-55.0000
LINETO,231.2118,-21.7244,-55.0000
LINETO,235.0951,-21.7262,-55.0000
LINETO,235.2218,-24.5088,-55.0000
LINETO,235.2291,-19.0600,-55.0000
LINETO,235.0951,-21.5932,-55.0000
LINETO,231.2538,-21.5981,-55.0000
LINETO,231.0852,-19.0514,-55.0000
LINETO,230.9691,-21.7802,-55.0000
MOVETO,237.0368,-21.7802,-45.0000
LINETO,237.0368,-21.7802,-55.0000
LINETO,237.0368,-24.5080,-55.0000
LINETO,239.2064,-24.4111,-55.0000
LINETO,237.2795,-24.4106,-55.0000
LINETO,237.2795,-19.1498,-55.0000
LINETO,239.2064,-19.1493,-55.0000
LINETO,237.0368,-19.0524,-55.0000
LINETO,237.0368,-21.7802,-55.0000
MOVETO,237.7407,-21.6831,-45.0000
LINETO,237.7407,-21.6831,-55.0000
LINETO,238.6167,-21.6631,-55.0000
LINETO,237.7407,-21.6831,-55.0000
MOVETO,246.1384,-19.1589,-45.0000
LINETO,246.1384,-19.1589,-55.0000
LINETO,245.0715,-19.7179,-55.0000
LINETO,244.2740,-20.7035,-55.0000
LINETO,244.2620,-22.8128,-55.0000
LINETO,244.9414,-23.7237,-55.0000
LINETO,245.8645,-24.2974,-55.0000
LINETO,246.9800,-24.4876,-55.0000
LINETO,248.2646,-24.2470,-55.0000
LINETO,248.6754,-23.9063,-55.0000
LINETO,247.2117,-24.3544,-55.0000
LINETO,245.9486,-24.1372,-55.0000
LINETO,244.4977,-22.7668,-55.0000
LINETO,244.4538,-20.9206,-55.0000
LINETO,245.3520,-19.7583,-55.0000
LINETO,246.6457,-19.2392,-55.0000
LINETO,248.5600,-19.5752,-55.0000
LINETO,247.5617,-19.1136,-55.0000
LINETO,246.1384,-19.1589,-55.0000
MOVETO,251.7208,-19.1589,-45.0000
LINETO,251.7208,-19.1589,-55.0000
LINETO,250.1184,-20.2891,-55.0000
LINETO,249.6624,-21.9528,-55.0000
LINETO,250.3652,-23.5700,-55.0000
LINETO,252.0322,-24.4409,-55.0000
LINETO,253.4750,-24.3522,-55.0000
LINETO,254.8852,-23.3566,-55.0000
LINETO,255.4053,-21.9370,-55.0000
LINETO,255.1349,-20.5974,-55.0000
LINETO,253.6513,-19.2780,-55.0000
LINETO,251.7302,-19.1562,-55.0000
LINETO,253.9089,-19.6037,-55.0000
LINETO,254.6406,-20.2600,-55.0000
LINETO,255.0903,-21.2182,-55.0000
LINETO,255.0906,-22.3407,-55.0000
LINETO,254.6414,-23.2993,-55.0000
LINETO,253.7359,-24.0546,-55.0000
LINETO,252.8415,-24.3039,-55.0000
LINETO,251.5510,-24.1782,-55.0000
LINETO,250.5130,-23.4080,-55.0000
LINETO,249.9415,-22.3864,-55.0000
LINETO,249.9954,-20.9849,-55.0000
LINETO,250.7498,-19.8564,-55.0000
LINETO,251.5757,-19.3849,-55.0000
LINETO,252.6736,-19.2169,-55.0000
LINETO,253.7474,-19.5108,-55.0000
MOVETO,256.6963,-21.7802,-45.0000
LINETO,256.6963,-21.7802,-55.0000
LINETO,256.6996,-24.5107,-55.0000
LINETO,258.9311,-24.4217,-55.0000
LINETO,256.9390,-24.3962,-55.0000
LINETO,256.8169,-19.0497,-55.0000
LINETO,256.6963,-21.7802,-55.0000
MOVETO,259.8515,-21.7802,-45.0000
LINETO,259.8515,-21.7802,-55.0000
LINETO,259.8515,-24.5064,-55.0000
LINETO,261.5878,-24.2654,-55.0000
LINETO,262.9012,-23.0334,-55.0000
LINETO,263.1636,-21.4387,-55.0000
LINETO,262.6743,-20.1892,-55.0000
LINETO,261.4355,-19.2266,-55.0000
LINETO,259.8701,-19.0497,-55.0000
LINETO,259.8515,-21.7574,-55.0000
LINETO,261.2183,-19.3119,-55.0000
LINETO,262.4581,-20.2144,-55.0000
LINETO,262.9307,-21.6019,-55.0000
LINETO,262.7890,-22.7471,-55.0000
LINETO,262.1695,-23.6826,-55.0000
LINETO,261.1930,-24.2576,-55.0000
LINETO,260.0943,-24.3817,-55.0000
LINETO,260.0943,-19.1725,-55.0000
LINETO,261.1986,-19.3045,-55.0000
MOVETO,264.4266,-23.3821,-45.0000
LINETO,264.4266,-23.3821,-55.0000
LINETO,263.8697,-25.2292,-55.0000
LINETO,264.5679,-23.7135,-55.0000
LINETO,264.4266,-23.3821,-55.0000
MOVETO,264.6208,-2.9823,-45.0000
LINETO,264.6208,-2.9823,-55.0000
LINETO,264.9509,-3.3194,-55.0000
LINETO,264.9452,-2.8500,-55.0000
LINETO,264.6208,-2.9823,-55.0000
MOVETO,266.2834,20.4513,-45.0000
LINETO,266.2834,20.4513,-55.0000
LINETO,266.4070,17.7212,-55.0000
LINETO,266.5261,23.0358,-55.0000
LINETO,267.7365,22.7957,-55.0000
LINETO,268.1625,22.2810,-55.0000
LINETO,268.1105,21.4183,-55.0000
LINETO,266.6711,20.7322,-55.0000
LINETO,269.0813,17.7496,-55.0000
LINETO,267.0123,20.5448,-55.0000
LINETO,268.3530,21.4327,-55.0000
LINETO,268.4262,22.1930,-55.0000
LINETO,268.0170,22.8059,-55.0000
LINETO,266.2834,23.1745,-55.0000
LINETO,266.2834,20.4513,-55.0000
MOVETO,263.3587,21.4343,-45.0000
LINETO,263.3587,21.4343,-55.0000
LINETO,262.5933,22.8173,-55.0000
LINETO,261.1865,19.9652,-55.0000
LINETO,264.0973,19.9749,-55.0000
LINETO,263.3744,21.4052,-55.0000
LINETO,261.2314,20.4311,-55.0000
LINETO,262.6584,23.0591,-55.0000
LINETO,265.3975,17.7366,-55.0000
LINETO,264.1740,19.7794,-55.0000
LINETO,261.1089,19.7839,-55.0000
LINETO,259.9466,17.7215,-55.0000
LINETO,261.2107,20.3907,-55.0000
MOVETO,254.5726,23.0605,-45.0000
LINETO,254.5726,23.0605,-55.0000
LINETO,257.0604,23.0665,-55.0000
LINETO,257.1851,17.7216,-55.0000
LINETO,257.3081,23.0965,-55.0000
LINETO,259.7297,23.0633,-55.0000
LINETO,254.5726,23.0605,-55.0000
MOVETO,252.3761,23.0726,-45.0000
LINETO,252.3761,23.0726,-55.0000
LINETO,251.7024,22.3681,-55.0000
LINETO,251.6806,21.5751,-55.0000
LINETO,253.7099,19.1366,-55.0000
LINETO,253.5721,18.3499,-55.0000
LINETO,253.1396,17.9847,-55.0000
LINETO,251.5151,18.1830,-55.0000
LINETO,252.6342,17.7226,-55.0000
LINETO,253.4971,18.0316,-55.0000
LINETO,253.9780,19.1012,-55.0000
LINETO,251.9795,21.5159,-55.0000
LINETO,251.8727,22.1509,-55.0000
LINETO,252.4869,22.9311,-55.0000
LINETO,253.8873,22.8527,-55.0000
LINETO,252.3761,23.0726,-55.0000
MOVETO,248.8082,31.2277,-45.0000
LINETO,248.8082,31.2277,-55.0000
LINETO,248.8057,28.7061,-55.0000
LINETO,243.8327,33.6631,-55.0000
LINETO,243.9424,28.2875,-55.0000
LINETO,244.0780,33.3124,-55.0000
LINETO,249.0510,28.3554,-55.0000
LINETO,248.9297,33.7397,-55.0000
LINETO,248.8082,31.2277,-55.0000
MOVETO,252.4489,33.6305,-45.0000
LINETO,252.4489,33.6305,-55.0000
LINETO,250.8465,32.5003,-55.0000
LINETO,250.3905,30.8366,-55.0000
LINETO,251.0933,29.2194,-55.0000
LINETO,252.7604,28.3485,-55.0000
LINETO,254.2031,28.4372,-55.0000
LINETO,255.6133,29.4328,-55.0000
LINETO,256.1335,30.8524,-55.0000
LINETO,255.8630,32.1920,-55.0000
LINETO,254.3794,33.5114,-55.0000
LINETO,252.4584,33.6331,-55.0000
LINETO,254.6371,33.1856,-55.0000
LINETO,255.3687,32.5294,-55.0000
LINETO,255.8184,31.5711,-55.0000
LINETO,255.8187,30.4487,-55.0000
LINETO,255.3695,29.4901,-55.0000
LINETO,254.4641,28.7348,-55.0000
LINETO,253.5697,28.4855,-55.0000
LINETO,252.2791,28.6112,-55.0000
LINETO,251.2412,29.3814,-55.0000
LINETO,250.6696,30.4029,-55.0000
LINETO,250.7235,31.8045,-55.0000
LINETO,251.4779,32.9330,-55.0000
LINETO,252.3038,33.4045,-55.0000
LINETO,253.4017,33.5725,-55.0000
LINETO,254.4755,33.2786,-55.0000
MOVETO,256.7206,33.6062,-45.0000
LINETO,256.7206,33.6062,-55.0000
LINETO,258.8678,28.4859,-55.0000
LINETO,260.8245,33.0726,-55.0000
LINETO,262.7726,28.4834,-55.0000
LINETO,264.8887,33.7123,-55.0000
LINETO,262.8704,28.9120,-55.0000
LINETO,260.8357,33.5027,-55.0000
LINETO,258.8967,28.8363,-55.0000
LINETO,256.7206,33.6062,-55.0000
MOVETO,265.8829,29.4073,-45.0000
LINETO,265.8829,29.4073,-55.0000
LINETO,265.3260,27.5602,-55.0000
LINETO,266.0242,29.0759,-55.0000
LINETO,265.8829,29.4073,-55.0000
MOVETO,270.1667,20.4513,-45.0000
LINETO,270.1667,20.4513,-55.0000
LINETO,270.1667,17.7235,-55.0000
LINETO,272.3363,17.8204,-55.0000
LINETO,270.4094,17.8209,-55.0000
LINETO,270.4094,23.0817,-55.0000
LINETO,272.3363,23.0822,-55.0000
LINETO,270.1667,23.1792,-55.0000
LINETO,270.1667,20.4513,-55.0000
MOVETO,270.8706,20.5484,-45.0000
LINETO,270.8706,20.5484,-55.0000
LINETO,271.7466,20.5684,-55.0000
LINETO,270.8706,20.5484,-55.0000
MOVETO,273.6496,18.8495,-45.0000
LINETO,273.6496,18.8495,-55.0000
LINETO,273.0927,17.0024,-55.0000
LINETO,273.7909,18.5180,-55.0000
LINETO,273.6496,18.8495,-55.0000
MOVETO,292.0106,-32.3381,-45.0000
LINETO,292.0106,-32.3381,-55.0000
LINETO,292.0106,-35.0659,-55.0000
LINETO,294.1802,-34.9690,-55.0000
LINETO,292.2533,-34.9685,-55.0000
LINETO,292.2533,-29.7077,-55.0000
LINETO,294.1802,-29.7072,-55.0000
LINETO,292.0106,-29.6102,-55.0000
LINETO,292.0106,-32.3381,-55.0000
MOVETO,292.7145,-32.2410,-45.0000
LINETO,292.7145,-32.2410,-55.0000
LINETO,293.5905,-32.2210,-55.0000
LINETO,292.7145,-32.2410,-55.0000
MOVETO,295.2022,-34.6559,-45.0000
LINETO,295.2022,-34.6559,-55.0000
LINETO,295.5324,-34.9930,-55.0000
LINETO,295.5267,-34.5237,-55.0000
LINETO,295.2022,-34.6559,-55.0000
MOVETO,224.8406,-19.1710,-45.0000
LINETO,224.8406,-19.1710,-55.0000
LINETO,227.3284,-19.1650,-55.0000
LINETO,227.4531,-24.5100,-55.0000
LINETO,227.5762,-19.1350,-55.0000
LINETO,229.9978,-19.1683,-55.0000
LINETO,224.8406,-19.1710,-55.0000
MOVETO,215.6177,-19.1710,-45.0000
LINETO,215.6177,-19.1710,-55.0000
LINETO,218.1054,-19.1650,-55.0000
LINETO,218.2302,-24.5100,-55.0000
LINETO,218.3532,-19.1350,-55.0000
LINETO,220.7748,-19.1683,-55.0000
LINETO,215.6177,-19.1710,-55.0000
MOVETO,213.4211,-19.1589,-45.0000
LINETO,213.4211,-19.1589,-55.0000
LINETO,212.7474,-19.8634,-55.0000
LINETO,212.7256,-20.6564,-55.0000
LINETO,214.7550,-23.0949,-55.0000
LINETO,214.6172,-23.8816,-55.0000
LINETO,214.1846,-24.2468,-55.0000
LINETO,212.5602,-24.0485,-55.0000
LINETO,213.6793,-24.5090,-55.0000
LINETO,214.5422,-24.1999,-55.0000
LINETO,215.0231,-23.1303,-55.0000
LINETO,213.0245,-20.7156,-55.0000
LINETO,212.9178,-20.0807,-55.0000
LINETO,213.5320,-19.3004,-55.0000
LINETO,214.9324,-19.3788,-55.0000
LINETO,213.4211,-19.1589,-55.0000
MOVETO,211.0669,-21.5617,-45.0000
LINETO,211.0669,-21.5617,-55.0000
LINETO,211.0643,-24.0833,-55.0000
LINETO,206.0913,-19.1263,-55.0000
LINETO,206.2010,-24.5019,-55.0000
LINETO,206.3366,-19.4770,-55.0000
LINETO,211.3096,-24.4340,-55.0000
LINETO,211.1884,-19.0497,-55.0000
LINETO,211.0669,-21.5617,-55.0000
MOVETO,204.1496,-21.7802,-45.0000
LINETO,204.1496,-21.7802,-55.0000
LINETO,204.2700,-24.5106,-55.0000
LINETO,204.2700,-19.0497,-55.0000
LINETO,204.1496,-21.7802,-55.0000
MOVETO,201.2250,-20.7972,-45.0000
LINETO,201.2250,-20.7972,-55.0000
LINETO,200.4596,-19.4143,-55.0000
LINETO,199.0528,-22.2663,-55.0000
LINETO,201.9636,-22.2566,-55.0000
LINETO,201.2407,-20.8263,-55.0000
LINETO,199.0977,-21.8004,-55.0000
LINETO,200.5247,-19.1724,-55.0000
LINETO,203.2638,-24.4949,-55.0000
LINETO,202.0402,-22.4521,-55.0000
LINETO,198.9752,-22.4476,-55.0000
LINETO,197.8129,-24.5101,-55.0000
LINETO,199.0770,-21.8409,-55.0000
MOVETO,194.0772,-19.1589,-45.0000
LINETO,194.0772,-19.1589,-55.0000
LINETO,193.0532,-19.6832,-55.0000
LINETO,192.2551,-20.6249,-55.0000
LINETO,192.1240,-22.5943,-55.0000
LINETO,192.6878,-23.5329,-55.0000
LINETO,193.5604,-24.1971,-55.0000
LINETO,195.6074,-24.4113,-55.0000
LINETO,196.8788,-23.5479,-55.0000
LINETO,197.0109,-22.7635,-55.0000
LINETO,196.6299,-21.8515,-55.0000
LINETO,197.2339,-21.7876,-55.0000
LINETO,195.5193,-21.7848,-55.0000
LINETO,196.4810,-22.0261,-55.0000
LINETO,196.7746,-23.1657,-55.0000
LINETO,196.3083,-23.8778,-55.0000
LINETO,195.2304,-24.3268,-55.0000
LINETO,193.5017,-23.9799,-55.0000
LINETO,192.3293,-22.5240,-55.0000
LINETO,192.4135,-20.8676,-55.0000
LINETO,193.3722,-19.7124,-55.0000
LINETO,194.8446,-19.2348,-55.0000
LINETO,196.7156,-19.5957,-55.0000
LINETO,195.6775,-19.1564,-55.0000
LINETO,194.0772,-19.1589,-55.0000
MOVETO,188.9196,-19.8992,-45.0000
LINETO,188.9196,-19.8992,-55.0000
LINETO,187.9734,-18.0789,-55.0000
LINETO,186.1920,-21.7275,-55.0000
LINETO,189.8297,-21.7799,-55.0000
LINETO,188.9494,-19.9587,-55.0000
LINETO,187.3226,-19.0642,-55.0000
LINETO,188.0233,-17.8366,-55.0000
LINETO,191.4924,-24.4856,-55.0000
LINETO,189.9928,-21.9622,-55.0000
LINETO,186.0527,-21.9622,-55.0000
LINETO,184.6072,-24.5091,-55.0000
LINETO,187.3177,-19.0740,-55.0000
MOVETO,191.3952,-31.3915,-45.0000
LINETO,191.3952,-31.3915,-55.0000
LINETO,191.3952,-34.5043,-55.0000
LINETO,185.3534,-28.3474,-55.0000
LINETO,185.4513,-35.0613,-55.0000
LINETO,185.5987,-28.8232,-55.0000
LINETO,191.6501,-35.0032,-55.0000
LINETO,191.5274,-28.2728,-55.0000
LINETO,191.3952,-31.3915,-55.0000
MOVETO,195.1694,-29.7168,-45.0000
LINETO,195.1694,-29.7168,-55.0000
LINETO,193.5670,-30.8470,-55.0000
LINETO,193.1110,-32.5107,-55.0000
LINETO,193.8138,-34.1278,-55.0000
LINETO,195.4808,-34.9988,-55.0000
LINETO,196.9236,-34.9101,-55.0000
LINETO,198.3338,-33.9145,-55.0000
LINETO,198.8539,-32.4949,-55.0000
LINETO,198.5835,-31.1553,-55.0000
LINETO,197.0999,-29.8359,-55.0000
LINETO,195.1788,-29.7141,-55.0000
LINETO,197.3575,-30.1616,-55.0000
LINETO,198.0892,-30.8178,-55.0000
LINETO,198.5389,-31.7761,-55.0000
LINETO,198.5392,-32.8986,-55.0000
LINETO,198.0900,-33.8572,-55.0000
LINETO,197.1845,-34.6125,-55.0000
LINETO,196.2901,-34.8618,-55.0000
LINETO,194.9996,-34.7361,-55.0000
LINETO,193.9616,-33.9659,-55.0000
LINETO,193.3901,-32.9443,-55.0000
LINETO,193.4440,-31.5428,-55.0000
LINETO,194.1984,-30.4142,-55.0000
LINETO,195.0243,-29.9428,-55.0000
LINETO,196.1222,-29.7748,-55.0000
LINETO,197.1960,-30.0687,-55.0000
MOVETO,199.3561,-29.7289,-45.0000
LINETO,199.3561,-29.7289,-55.0000
LINETO,201.8439,-29.7229,-55.0000
LINETO,201.9686,-35.0678,-55.0000
LINETO,202.0916,-29.6929,-55.0000
LINETO,204.5132,-29.7261,-55.0000
LINETO,199.3561,-29.7289,-55.0000
MOVETO,205.4845,-32.3381,-45.0000
LINETO,205.4845,-32.3381,-55.0000
LINETO,205.6045,-35.0684,-55.0000
LINETO,205.7272,-32.2823,-55.0000
LINETO,209.6106,-32.2841,-55.0000
LINETO,209.7373,-35.0667,-55.0000
LINETO,209.7446,-29.6179,-55.0000
LINETO,209.6106,-32.1511,-55.0000
LINETO,205.7692,-32.1560,-55.0000
LINETO,205.6007,-29.6093,-55.0000
LINETO,205.4845,-32.3381,-55.0000
MOVETO,211.5523,-32.3381,-45.0000
LINETO,211.5523,-32.3381,-55.0000
LINETO,211.6727,-35.0685,-55.0000
LINETO,211.6727,-29.6076,-55.0000
LINETO,211.5523,-32.3381,-55.0000
MOVETO,218.4695,-32.1196,-45.0000
LINETO,218.4695,-32.1196,-55.0000
LINETO,218.4669,-34.6412,-55.0000
LINETO,213.4940,-29.6842,-55.0000
LINETO,213.6036,-35.0598,-55.0000
LINETO,213.7393,-30.0349,-55.0000
LINETO,218.7122,-34.9919,-55.0000
LINETO,218.5910,-29.6076,-55.0000
LINETO,218.4695,-32.1196,-55.0000
MOVETO,222.1102,-29.7168,-45.0000
LINETO,222.1102,-29.7168,-55.0000
LINETO,221.0862,-30.2411,-55.0000
LINETO,220.2881,-31.1828,-55.0000
LINETO,220.1570,-33.1522,-55.0000
LINETO,220.7208,-34.0908,-55.0000
LINETO,221.5934,-34.7549,-55.0000
LINETO,223.6404,-34.9691,-55.0000
LINETO,224.9118,-34.1058,-55.0000
LINETO,225.0439,-33.3214,-55.0000
LINETO,224.6629,-32.4093,-55.0000
LINETO,225.2669,-32.3455,-55.0000
LINETO,223.5523,-32.3427,-55.0000
LINETO,224.5140,-32.5840,-55.0000
LINETO,224.8076,-33.7236,-55.0000
LINETO,224.3413,-34.4357,-55.0000
LINETO,223.2634,-34.8847,-55.0000
LINETO,221.5347,-34.5377,-55.0000
LINETO,220.3623,-33.0818,-55.0000
LINETO,220.4465,-31.4255,-55.0000
LINETO,221.4052,-30.2703,-55.0000
LINETO,222.8776,-29.7927,-55.0000
LINETO,224.7486,-30.1535,-55.0000
LINETO,223.7105,-29.7142,-55.0000
LINETO,222.1102,-29.7168,-55.0000
MOVETO,184.5023,24.4196,-45.0000
LINETO,184.5023,24.4196,-55.0000
LINETO,187.2827,17.9405,-55.0000
LINETO,189.6872,23.8142,-55.0000
LINETO,192.1361,17.9026,-55.0000
LINETO,194.9115,24.4511,-55.0000
LINETO,192.2201,18.1585,-55.0000
LINETO,189.7572,24.2610,-55.0000
LINETO,187.2809,18.3277,-55.0000
LINETO,184.5023,24.4196,-55.0000
MOVETO,184.5023,24.4196,-5.0000
